-1.168050069617998616e+02 1.168050069617998616e+02
-1.242188713736826600e+02 1.242188713736826600e+02
-1.178344639726949197e+02 1.178344639726949197e+02
-9.525201729970333986e+01 9.525201729970333986e+01
-5.561237940898527654e+01 5.561237940898527654e+01
4.888080883321202408e-14 -4.888080883321202408e-14
6.831977272915628419e+01 -6.831977272915628419e+01
1.438787754581854585e+02 -1.438787754581854585e+02
2.192289892035305172e+02 -2.192289892035305172e+02
2.854142134868929475e+02 -2.854142134868929475e+02
4.494708823590363522e+02 -2.158608684354366574e+02
4.754893199467392151e+02 -2.270515771993739236e+02
4.503663422992989354e+02 -2.146974143539090676e+02
3.649873499713870615e+02 -1.744833153719804102e+02
2.146233788812027967e+02 -1.033986200632322436e+02
-1.199477331389250513e-13 2.218611547250101577e-14
-2.720807431800507175e+02 1.354411977217381207e+02
-5.886737864714805255e+02 3.009162355551095516e+02
-9.312356730758544927e+02 4.927776946687934014e+02
-1.276773584590274822e+03 7.059451576164890412e+02
-1.716331211564234536e+03 8.173894468461618317e+02
-1.997261093509907823e+03 1.046282453616428938e+03
-2.190306571119695491e+03 1.289573886521098075e+03
-2.272108330810490315e+03 1.542133630867715965e+03
-2.226795105384659109e+03 1.797548347622253459e+03
-2.048000000000000000e+03 2.048000000000000000e+03
-1.740090983323405680e+03 2.284252469683507115e+03
-1.318447194367622615e+03 2.495794767310583666e+03
-8.087045557445424038e+02 2.671175901896251162e+03
-2.449981889728935016e+02 2.798545358153443431e+03
2.158608684354366574e+02 2.983191540769432777e+03
7.574639796591603726e+02 2.988620464613289641e+03
1.242630959301982102e+03 2.902313254992019665e+03
1.636809285197788313e+03 2.716903341823785468e+03
1.911809376115794294e+03 2.430556075835553656e+03
2.048000000000000000e+03 2.047999999999999773e+03
2.035741528253935712e+03 1.581079983851187990e+03
1.875940077955677452e+03 1.048711861695938751e+03
1.579694412478207369e+03 4.761726774179385302e+02
1.167097064519736023e+03 -1.062722596001631246e+02
7.821367577562729139e+02 -5.485267438326731053e+02
2.304911309738457703e+02 -1.042878193146053263e+03
-3.583382134452435821e+02 -1.461859948505512421e+03
-9.534598443962354395e+02 -1.780688060655974141e+03
-1.525467604442202628e+03 -1.980129148844950350e+03
-2.047999999999999773e+03 -2.048000000000000000e+03
-2.498875848564709941e+03 -1.980129148844950578e+03
-2.860782117281970841e+03 -1.780688060655973914e+03
-3.121542244195549756e+03 -1.461859948505512421e+03
-3.274034678100182646e+03 -1.042878193146053491e+03
-3.432662423128469072e+03 -6.653317507944731233e+02
-3.274034678100182646e+03 -2.304911309738457703e+02
-3.121542244195549756e+03 3.583382134452435821e+02
-2.860782117281970841e+03 9.534598443962354395e+02
-2.498875848564709941e+03 1.525467604442202855e+03
-2.048000000000000000e+03 2.048000000000000000e+03
-1.525467604442202855e+03 2.498875848564709941e+03
-9.534598443962354395e+02 2.860782117281970841e+03
-3.583382134452435821e+02 3.121542244195550211e+03
2.304911309738457703e+02 3.274034678100182646e+03
8.989417647180727045e+02 3.199052409204869491e+03
1.291315935893418782e+03 3.025596935352817127e+03
1.697528876450902317e+03 2.885873316250160315e+03
1.971192095255380536e+03 2.670278082682564218e+03
2.091353907662921301e+03 2.387651089746739217e+03
2.048000000000000000e+03 2.048000000000000000e+03
1.843489603386638009e+03 1.662107149900515424e+03
1.492930509739603167e+03 1.241217395312606413e+03
1.023401970098451329e+03 7.967961918523046734e+02
4.720497661722674252e+02 3.403372959999401814e+02
1.421085471520200372e-14 -2.336100139235996949e+02
-4.720497661722675957e+02 -5.887750387473053024e+02
-1.023401970098451329e+03 -1.032465119797694570e+03
-1.492930509739602940e+03 -1.431721429912013036e+03
-1.843489603386638009e+03 -1.773331908718485920e+03
-2.048000000000000000e+03 -2.048000000000000000e+03
-2.091353907662921301e+03 -2.251011544288426649e+03
-1.971192095255380764e+03 -2.382520531766193017e+03
-1.697528876450902317e+03 -2.447415337843099223e+03
-1.291315935893418555e+03 -2.454768508379031573e+03
-6.653317507944728959e+02 -2.533720658410396481e+03
1.794661177351953540e+01 -2.571493780954069280e+03
5.940071413906334783e+02 -2.456478487542342009e+03
1.143963878995642062e+03 -2.321311451938603568e+03
1.636692363260173352e+03 -2.180853849620275014e+03
2.047999999999999773e+03 -2.048000000000000000e+03
2.362236303106397372e+03 -1.932989545343991722e+03
2.573024566365600094e+03 -1.843049866422825517e+03
2.683084265788489120e+03 -1.782351581189891476e+03
2.703206251126396637e+03 -1.752227611232918207e+03
2.767330672333996063e+03 -1.868388907615923472e+03
2.571493780954069280e+03 -2.000665353980283498e+03
2.456478487542342009e+03 -2.018020509135281372e+03
2.321311451938603568e+03 -2.033553901022232367e+03
2.180853849620275014e+03 -2.044214304161962218e+03
2.048000000000000000e+03 -2.048000000000000000e+03
1.932989545343991722e+03 -2.044214304161962218e+03
1.843049866422825517e+03 -2.033553901022232139e+03
1.782351581189891476e+03 -2.018020509135281372e+03
1.752227611232918207e+03 -2.000665353980283498e+03
1.634778893692323891e+03 -1.868388907615923472e+03
1.752227611232917980e+03 -1.752227611232917980e+03
1.782351581189891476e+03 -1.782351581189891476e+03
1.843049866422825744e+03 -1.843049866422825744e+03
1.932989545343991722e+03 -1.932989545343991722e+03
2.048000000000000000e+03 -2.048000000000000000e+03
2.180853849620275014e+03 -2.180853849620275014e+03
2.321311451938603113e+03 -2.321311451938603113e+03
2.456478487542342464e+03 -2.456478487542342464e+03
2.571493780954069280e+03 -2.571493780954069280e+03
2.533720658410396481e+03 -2.767330672333996063e+03
2.454768508379031573e+03 -2.703206251126397092e+03
2.447415337843099223e+03 -2.683084265788488665e+03
2.382520531766193017e+03 -2.573024566365600094e+03
2.251011544288426649e+03 -2.362236303106397372e+03
2.048000000000000000e+03 -2.048000000000000000e+03
1.773331908718485920e+03 -1.636692363260173352e+03
1.431721429912013036e+03 -1.143963878995642062e+03
1.032465119797694570e+03 -5.940071413906334783e+02
5.887750387473054161e+02 -1.794661177351952119e+01
2.336100139235996949e+02 4.317217368708733716e+02
-3.403372959999400109e+02 1.042878193146053263e+03
-7.967961918523046734e+02 1.461859948505512421e+03
-1.241217395312606413e+03 1.780688060655973914e+03
-1.662107149900515424e+03 1.980129148844950578e+03
-2.048000000000000000e+03 2.048000000000000000e+03
-2.387651089746739217e+03 1.980129148844950578e+03
-2.670278082682564218e+03 1.780688060655974141e+03
-2.885873316250160315e+03 1.461859948505512421e+03
-3.025596935352817127e+03 1.042878193146053491e+03
-3.199052409204869491e+03 6.653317507944731233e+02
-3.274034678100182646e+03 2.304911309738457703e+02
-3.121542244195549756e+03 -3.583382134452435821e+02
-2.860782117281970841e+03 -9.534598443962354395e+02
-2.498875848564709941e+03 -1.525467604442202855e+03
-2.048000000000000000e+03 -2.048000000000000000e+03
-1.525467604442202855e+03 -2.498875848564709941e+03
-9.534598443962354395e+02 -2.860782117281970841e+03
-3.583382134452435821e+02 -3.121542244195550211e+03
2.304911309738457703e+02 -3.274034678100182646e+03
8.989417647180727045e+02 -3.199052409204869491e+03
1.291315935893418782e+03 -3.025596935352817127e+03
1.697528876450902317e+03 -2.885873316250160315e+03
1.971192095255380536e+03 -2.670278082682564218e+03
2.091353907662921301e+03 -2.387651089746739217e+03
2.048000000000000000e+03 -2.048000000000000000e+03
1.843489603386638009e+03 -1.662107149900515424e+03
1.492930509739603167e+03 -1.241217395312606413e+03
1.023401970098451329e+03 -7.967961918523046734e+02
4.720497661722674252e+02 -3.403372959999401814e+02
1.421085471520200372e-14 2.336100139235996949e+02
-4.720497661722675957e+02 5.887750387473053024e+02
-1.023401970098451329e+03 1.032465119797694570e+03
-1.492930509739602940e+03 1.431721429912013036e+03
-1.843489603386638009e+03 1.773331908718485920e+03
-2.048000000000000000e+03 2.048000000000000000e+03
-2.091353907662921301e+03 2.251011544288426649e+03
-1.971192095255380764e+03 2.382520531766193017e+03
-1.697528876450902317e+03 2.447415337843099223e+03
-1.291315935893418555e+03 2.454768508379031573e+03
-6.653317507944728959e+02 2.533720658410396481e+03
1.794661177351953540e+01 2.571493780954069280e+03
5.940071413906334783e+02 2.456478487542342009e+03
1.143963878995642062e+03 2.321311451938603568e+03
1.636692363260173352e+03 2.180853849620275014e+03
2.047999999999999773e+03 2.048000000000000000e+03
2.362236303106397372e+03 1.932989545343991722e+03
2.573024566365600094e+03 1.843049866422825517e+03
2.683084265788489120e+03 1.782351581189891476e+03
2.703206251126396637e+03 1.752227611232918207e+03
2.767330672333996063e+03 1.868388907615923472e+03
2.571493780954069280e+03 2.000665353980283498e+03
2.456478487542342009e+03 2.018020509135281372e+03
2.321311451938603568e+03 2.033553901022232367e+03
2.180853849620275014e+03 2.044214304161962218e+03
2.048000000000000000e+03 2.048000000000000000e+03
1.932989545343991722e+03 2.044214304161962218e+03
1.843049866422825517e+03 2.033553901022232139e+03
1.782351581189891476e+03 2.018020509135281372e+03
1.752227611232918207e+03 2.000665353980283498e+03
1.868388907615923472e+03 2.101998921539523053e+03
2.000665353980283498e+03 2.000665353980283498e+03
2.018020509135281372e+03 2.018020509135281372e+03
2.033553901022232367e+03 2.033553901022232367e+03
2.044214304161962218e+03 2.044214304161962218e+03
2.048000000000000000e+03 2.048000000000000000e+03
2.044214304161962218e+03 2.044214304161962218e+03
2.033553901022232139e+03 2.033553901022232139e+03
2.018020509135281372e+03 2.018020509135281372e+03
2.000665353980283498e+03 2.000665353980283498e+03
1.868388907615923472e+03 1.868388907615923472e+03
1.752227611232917980e+03 1.752227611232917980e+03
1.782351581189891476e+03 1.782351581189891476e+03
1.843049866422825744e+03 1.843049866422825744e+03
1.932989545343991722e+03 1.932989545343991722e+03
2.048000000000000000e+03 2.048000000000000000e+03
2.180853849620275014e+03 2.180853849620275014e+03
2.321311451938603113e+03 2.321311451938603113e+03
2.456478487542342464e+03 2.456478487542342464e+03
2.571493780954069280e+03 2.571493780954069280e+03
2.767330672333996063e+03 2.533720658410396481e+03
2.703206251126397092e+03 2.454768508379031573e+03
2.683084265788488665e+03 2.447415337843099223e+03
2.573024566365600094e+03 2.382520531766193017e+03
2.362236303106397372e+03 2.251011544288426649e+03
2.048000000000000000e+03 2.048000000000000000e+03
1.636692363260173352e+03 1.773331908718485920e+03
1.143963878995642062e+03 1.431721429912013036e+03
5.940071413906334783e+02 1.032465119797694570e+03
1.794661177351952119e+01 5.887750387473054161e+02
-4.317217368708733716e+02 -1.421085471520200372e-14
-1.042878193146053263e+03 -5.887750387473053024e+02
-1.461859948505512421e+03 -1.032465119797694570e+03
-1.780688060655973914e+03 -1.431721429912013036e+03
-1.980129148844950578e+03 -1.773331908718485920e+03
-2.048000000000000000e+03 -2.048000000000000000e+03
-1.980129148844950578e+03 -2.251011544288426649e+03
-1.780688060655974141e+03 -2.382520531766193017e+03
-1.461859948505512421e+03 -2.447415337843099223e+03
-1.042878193146053491e+03 -2.454768508379031573e+03
-6.653317507944731233e+02 -2.300110644486796900e+03
-2.304911309738457703e+02 -2.323056038206703761e+03
3.583382134452435821e+02 -2.220809559596952568e+03
9.534598443962354395e+02 -2.130807417339196491e+03
1.525467604442202855e+03 -2.069629090802304290e+03
2.048000000000000000e+03 -2.048000000000000000e+03
2.498875848564709941e+03 -2.069629090802304290e+03
2.860782117281970841e+03 -2.130807417339196491e+03
3.121542244195550211e+03 -2.220809559596952568e+03
3.274034678100182646e+03 -2.323056038206704216e+03
3.199052409204869491e+03 -2.533720658410396481e+03
3.025596935352817127e+03 -2.703206251126397092e+03
2.885873316250160315e+03 -2.683084265788488665e+03
2.670278082682564218e+03 -2.573024566365600094e+03
2.387651089746739217e+03 -2.362236303106397372e+03
2.048000000000000000e+03 -2.048000000000000000e+03
1.662107149900515424e+03 -1.636692363260173352e+03
1.241217395312606413e+03 -1.143963878995642062e+03
7.967961918523046734e+02 -5.940071413906334783e+02
3.403372959999401814e+02 -1.794661177351952119e+01
-2.336100139235996949e+02 6.653317507944731233e+02
-5.887750387473053024e+02 1.291315935893418782e+03
-1.032465119797694570e+03 1.697528876450902317e+03
-1.431721429912013036e+03 1.971192095255380536e+03
-1.773331908718485920e+03 2.091353907662921301e+03
-2.048000000000000000e+03 2.048000000000000000e+03
-2.251011544288426649e+03 1.843489603386638009e+03
-2.382520531766193017e+03 1.492930509739603167e+03
-2.447415337843099223e+03 1.023401970098451329e+03
-2.454768508379031573e+03 4.720497661722674252e+02
-2.533720658410396481e+03 -2.336100139235996949e+02
-2.571493780954069280e+03 -7.204875089196328872e+02
-2.456478487542342009e+03 -1.259070898043841225e+03
-2.321311451938603568e+03 -1.683434544339009562e+03
-2.180853849620275014e+03 -1.954714362204608506e+03
-2.048000000000000000e+03 -2.047999999999999773e+03
-1.932989545343991722e+03 -1.954714362204608506e+03
-1.843049866422825517e+03 -1.683434544339009790e+03
-1.782351581189891476e+03 -1.259070898043841225e+03
-1.752227611232918207e+03 -7.204875089196327735e+02
-1.868388907615923472e+03 1.421085471520200372e-14
-2.000665353980283498e+03 7.204875089196328872e+02
-2.018020509135281372e+03 1.259070898043841225e+03
-2.033553901022232367e+03 1.683434544339009562e+03
-2.044214304161962218e+03 1.954714362204608506e+03
-2.048000000000000000e+03 2.047999999999999773e+03
-2.044214304161962218e+03 1.954714362204608506e+03
-2.033553901022232139e+03 1.683434544339009790e+03
-2.018020509135281372e+03 1.259070898043841225e+03
-2.000665353980283498e+03 7.204875089196327735e+02
-1.868388907615923472e+03 2.336100139235996949e+02
-1.752227611232917980e+03 -4.720497661722675957e+02
-1.782351581189891476e+03 -1.023401970098451329e+03
-1.843049866422825744e+03 -1.492930509739602940e+03
-1.932989545343991722e+03 -1.843489603386638009e+03
-2.048000000000000000e+03 -2.048000000000000000e+03
-2.180853849620275014e+03 -2.091353907662921301e+03
-2.321311451938603113e+03 -1.971192095255380764e+03
-2.456478487542342464e+03 -1.697528876450902317e+03
-2.571493780954069280e+03 -1.291315935893418555e+03
-2.533720658410396481e+03 -6.653317507944728959e+02
-2.454768508379031573e+03 1.794661177351953540e+01
-2.447415337843099223e+03 5.940071413906334783e+02
-2.382520531766193017e+03 1.143963878995642062e+03
-2.251011544288426649e+03 1.636692363260173352e+03
-2.048000000000000000e+03 2.047999999999999773e+03
-1.773331908718485920e+03 2.362236303106397372e+03
-1.431721429912013036e+03 2.573024566365600094e+03
-1.032465119797694570e+03 2.683084265788489120e+03
-5.887750387473054161e+02 2.703206251126396637e+03
-2.336100139235996949e+02 2.533720658410396481e+03
3.403372959999400109e+02 2.323056038206703761e+03
7.967961918523046734e+02 2.220809559596952568e+03
1.241217395312606413e+03 2.130807417339196491e+03
1.662107149900515424e+03 2.069629090802304290e+03
2.048000000000000000e+03 2.048000000000000000e+03
2.387651089746739217e+03 2.069629090802304290e+03
2.670278082682564218e+03 2.130807417339196491e+03
2.885873316250160315e+03 2.220809559596952568e+03
3.025596935352817127e+03 2.323056038206704216e+03
2.965442395281269910e+03 2.533720658410396481e+03
3.025596935352817127e+03 2.703206251126397092e+03
2.885873316250160315e+03 2.683084265788488665e+03
2.670278082682564218e+03 2.573024566365600094e+03
2.387651089746739217e+03 2.362236303106397372e+03
2.048000000000000000e+03 2.048000000000000000e+03
1.662107149900515424e+03 1.636692363260173352e+03
1.241217395312606413e+03 1.143963878995642062e+03
7.967961918523046734e+02 5.940071413906334783e+02
3.403372959999401814e+02 1.794661177351952119e+01
-2.336100139235996949e+02 -6.653317507944731233e+02
-5.887750387473053024e+02 -1.291315935893418782e+03
-1.032465119797694570e+03 -1.697528876450902317e+03
-1.431721429912013036e+03 -1.971192095255380536e+03
-1.773331908718485920e+03 -2.091353907662921301e+03
-2.048000000000000000e+03 -2.048000000000000000e+03
-2.251011544288426649e+03 -1.843489603386638009e+03
-2.382520531766193017e+03 -1.492930509739603167e+03
-2.447415337843099223e+03 -1.023401970098451329e+03
-2.454768508379031573e+03 -4.720497661722674252e+02
-2.416915651448596691e+03 1.168050069617998474e+02
-2.447274909580386520e+03 5.962686375459502415e+02
-2.338644023569647288e+03 1.141236434071146277e+03
-2.226059434638899802e+03 1.588182527039306251e+03
-2.125241470211289652e+03 1.899101982795623144e+03
-2.048000000000000000e+03 2.047999999999999773e+03
-2.001309318073148006e+03 2.023034134933764790e+03
-1.986928641881011117e+03 1.827313319797195163e+03
-2.001580570393422022e+03 1.478299887247371771e+03
-2.037641824719811211e+03 1.005901722406525664e+03
-2.084249776051360186e+03 4.494708823590363522e+02
-2.227716931179657422e+03 -2.449981889728935585e+02
-2.232717923489190071e+03 -8.087045557445424038e+02
-2.208037216394212919e+03 -1.318447194367622615e+03
-2.147612924225194547e+03 -1.740090983323405680e+03
-2.048000000000000000e+03 -2.047999999999999773e+03
-1.908773106440223955e+03 -2.226795105384659109e+03
-1.732637665467122588e+03 -2.272108330810490315e+03
-1.525242814466487971e+03 -2.190306571119695491e+03
-1.294720196363794457e+03 -1.997261093509907596e+03
-1.050999460769761527e+03 -1.716331211564234536e+03
-7.059451576164890412e+02 -1.276773584590274822e+03
-4.927776946687934014e+02 -9.312356730758544927e+02
-3.009162355551095516e+02 -5.886737864714805255e+02
-1.354411977217381207e+02 -2.720807431800507175e+02
-2.218611547250101577e-14 -1.199477331389250513e-13
1.033986200632322436e+02 2.146233788812027967e+02
1.744833153719804102e+02 3.649873499713870615e+02
2.146974143539090676e+02 4.503663422992989354e+02
2.270515771993739236e+02 4.754893199467392151e+02
2.158608684354366574e+02 4.494708823590363522e+02
2.854142134868929475e+02 2.854142134868929475e+02
2.192289892035305172e+02 2.192289892035305172e+02
1.438787754581854585e+02 1.438787754581854585e+02
6.831977272915628419e+01 6.831977272915628419e+01
4.888080883321202408e-14 4.888080883321202408e-14
-5.561237940898527654e+01 -5.561237940898527654e+01
-9.525201729970333986e+01 -9.525201729970333986e+01
-1.178344639726949197e+02 -1.178344639726949197e+02
-1.242188713736826600e+02 -1.242188713736826600e+02
-1.168050069617998616e+02 -1.168050069617998616e+02
0.000000000000000000e+00 0.000000000000000000e+00
0.000000000000000000e+00 0.000000000000000000e+00
0.000000000000000000e+00 0.000000000000000000e+00
0.000000000000000000e+00 0.000000000000000000e+00
0.000000000000000000e+00 0.000000000000000000e+00
0.000000000000000000e+00 0.000000000000000000e+00
0.000000000000000000e+00 0.000000000000000000e+00
0.000000000000000000e+00 0.000000000000000000e+00
0.000000000000000000e+00 0.000000000000000000e+00
