2.048000000000000000e+03 2.048000000000000000e+03
2.048000000000000000e+03 2.048000000000000000e+03
2.048000000000000000e+03 2.048000000000000000e+03
2.048000000000000000e+03 2.048000000000000000e+03
2.048000000000000000e+03 2.048000000000000000e+03
2.048000000000000000e+03 2.048000000000000000e+03
2.048000000000000000e+03 2.048000000000000000e+03
2.048000000000000000e+03 2.048000000000000000e+03
2.048000000000000000e+03 2.048000000000000000e+03
2.048000000000000000e+03 2.048000000000000000e+03
6.144000000000000000e+03 -2.048000000000000000e+03
6.144000000000000000e+03 -2.048000000000000000e+03
6.144000000000000000e+03 -2.048000000000000000e+03
6.144000000000000000e+03 -2.048000000000000000e+03
6.144000000000000000e+03 -2.048000000000000000e+03
6.144000000000000000e+03 -2.048000000000000000e+03
6.144000000000000000e+03 -2.048000000000000000e+03
6.144000000000000000e+03 -2.048000000000000000e+03
6.144000000000000000e+03 -2.048000000000000000e+03
6.144000000000000000e+03 -2.048000000000000000e+03
-2.048000000000000000e+03 2.048000000000000000e+03
-2.048000000000000000e+03 2.048000000000000000e+03
-2.048000000000000000e+03 2.048000000000000000e+03
-2.048000000000000000e+03 2.048000000000000000e+03
-2.048000000000000000e+03 2.048000000000000000e+03
-2.048000000000000000e+03 2.048000000000000000e+03
-2.048000000000000000e+03 2.048000000000000000e+03
-2.048000000000000000e+03 2.048000000000000000e+03
-2.048000000000000000e+03 2.048000000000000000e+03
-2.048000000000000000e+03 2.048000000000000000e+03
2.048000000000000000e+03 -6.144000000000000000e+03
2.048000000000000000e+03 -6.144000000000000000e+03
2.048000000000000000e+03 -6.144000000000000000e+03
2.048000000000000000e+03 -6.144000000000000000e+03
2.048000000000000000e+03 -6.144000000000000000e+03
2.048000000000000000e+03 -6.144000000000000000e+03
2.048000000000000000e+03 -6.144000000000000000e+03
2.048000000000000000e+03 -6.144000000000000000e+03
2.048000000000000000e+03 -6.144000000000000000e+03
2.048000000000000000e+03 -6.144000000000000000e+03
6.144000000000000000e+03 2.048000000000000000e+03
6.144000000000000000e+03 2.048000000000000000e+03
6.144000000000000000e+03 2.048000000000000000e+03
6.144000000000000000e+03 2.048000000000000000e+03
6.144000000000000000e+03 2.048000000000000000e+03
6.144000000000000000e+03 2.048000000000000000e+03
6.144000000000000000e+03 2.048000000000000000e+03
6.144000000000000000e+03 2.048000000000000000e+03
6.144000000000000000e+03 2.048000000000000000e+03
6.144000000000000000e+03 2.048000000000000000e+03
2.048000000000000000e+03 -2.048000000000000000e+03
2.048000000000000000e+03 -2.048000000000000000e+03
2.048000000000000000e+03 -2.048000000000000000e+03
2.048000000000000000e+03 -2.048000000000000000e+03
2.048000000000000000e+03 -2.048000000000000000e+03
2.048000000000000000e+03 -2.048000000000000000e+03
2.048000000000000000e+03 -2.048000000000000000e+03
2.048000000000000000e+03 -2.048000000000000000e+03
2.048000000000000000e+03 -2.048000000000000000e+03
2.048000000000000000e+03 -2.048000000000000000e+03
-2.048000000000000000e+03 -6.144000000000000000e+03
-2.048000000000000000e+03 -6.144000000000000000e+03
-2.048000000000000000e+03 -6.144000000000000000e+03
-2.048000000000000000e+03 -6.144000000000000000e+03
-2.048000000000000000e+03 -6.144000000000000000e+03
-2.048000000000000000e+03 -6.144000000000000000e+03
-2.048000000000000000e+03 -6.144000000000000000e+03
-2.048000000000000000e+03 -6.144000000000000000e+03
-2.048000000000000000e+03 -6.144000000000000000e+03
-2.048000000000000000e+03 -6.144000000000000000e+03
2.048000000000000000e+03 6.144000000000000000e+03
2.048000000000000000e+03 6.144000000000000000e+03
2.048000000000000000e+03 6.144000000000000000e+03
2.048000000000000000e+03 6.144000000000000000e+03
2.048000000000000000e+03 6.144000000000000000e+03
2.048000000000000000e+03 6.144000000000000000e+03
2.048000000000000000e+03 6.144000000000000000e+03
2.048000000000000000e+03 6.144000000000000000e+03
2.048000000000000000e+03 6.144000000000000000e+03
2.048000000000000000e+03 6.144000000000000000e+03
2.048000000000000000e+03 2.048000000000000000e+03
2.048000000000000000e+03 2.048000000000000000e+03
2.048000000000000000e+03 2.048000000000000000e+03
2.048000000000000000e+03 2.048000000000000000e+03
2.048000000000000000e+03 2.048000000000000000e+03
2.048000000000000000e+03 2.048000000000000000e+03
2.048000000000000000e+03 2.048000000000000000e+03
2.048000000000000000e+03 2.048000000000000000e+03
2.048000000000000000e+03 2.048000000000000000e+03
2.048000000000000000e+03 2.048000000000000000e+03
6.144000000000000000e+03 -2.048000000000000000e+03
6.144000000000000000e+03 -2.048000000000000000e+03
6.144000000000000000e+03 -2.048000000000000000e+03
6.144000000000000000e+03 -2.048000000000000000e+03
6.144000000000000000e+03 -2.048000000000000000e+03
6.144000000000000000e+03 -2.048000000000000000e+03
6.144000000000000000e+03 -2.048000000000000000e+03
6.144000000000000000e+03 -2.048000000000000000e+03
6.144000000000000000e+03 -2.048000000000000000e+03
6.144000000000000000e+03 -2.048000000000000000e+03
-6.144000000000000000e+03 -6.144000000000000000e+03
-6.144000000000000000e+03 -6.144000000000000000e+03
-6.144000000000000000e+03 -6.144000000000000000e+03
-6.144000000000000000e+03 -6.144000000000000000e+03
-6.144000000000000000e+03 -6.144000000000000000e+03
-6.144000000000000000e+03 -6.144000000000000000e+03
-6.144000000000000000e+03 -6.144000000000000000e+03
-6.144000000000000000e+03 -6.144000000000000000e+03
-6.144000000000000000e+03 -6.144000000000000000e+03
-6.144000000000000000e+03 -6.144000000000000000e+03
-6.144000000000000000e+03 2.048000000000000000e+03
-6.144000000000000000e+03 2.048000000000000000e+03
-6.144000000000000000e+03 2.048000000000000000e+03
-6.144000000000000000e+03 2.048000000000000000e+03
-6.144000000000000000e+03 2.048000000000000000e+03
-6.144000000000000000e+03 2.048000000000000000e+03
-6.144000000000000000e+03 2.048000000000000000e+03
-6.144000000000000000e+03 2.048000000000000000e+03
-6.144000000000000000e+03 2.048000000000000000e+03
-6.144000000000000000e+03 2.048000000000000000e+03
2.048000000000000000e+03 2.048000000000000000e+03
2.048000000000000000e+03 2.048000000000000000e+03
2.048000000000000000e+03 2.048000000000000000e+03
2.048000000000000000e+03 2.048000000000000000e+03
2.048000000000000000e+03 2.048000000000000000e+03
2.048000000000000000e+03 2.048000000000000000e+03
2.048000000000000000e+03 2.048000000000000000e+03
2.048000000000000000e+03 2.048000000000000000e+03
2.048000000000000000e+03 2.048000000000000000e+03
2.048000000000000000e+03 2.048000000000000000e+03
6.144000000000000000e+03 2.048000000000000000e+03
6.144000000000000000e+03 2.048000000000000000e+03
6.144000000000000000e+03 2.048000000000000000e+03
6.144000000000000000e+03 2.048000000000000000e+03
6.144000000000000000e+03 2.048000000000000000e+03
6.144000000000000000e+03 2.048000000000000000e+03
6.144000000000000000e+03 2.048000000000000000e+03
6.144000000000000000e+03 2.048000000000000000e+03
6.144000000000000000e+03 2.048000000000000000e+03
6.144000000000000000e+03 2.048000000000000000e+03
6.144000000000000000e+03 6.144000000000000000e+03
6.144000000000000000e+03 6.144000000000000000e+03
6.144000000000000000e+03 6.144000000000000000e+03
6.144000000000000000e+03 6.144000000000000000e+03
6.144000000000000000e+03 6.144000000000000000e+03
6.144000000000000000e+03 6.144000000000000000e+03
6.144000000000000000e+03 6.144000000000000000e+03
6.144000000000000000e+03 6.144000000000000000e+03
6.144000000000000000e+03 6.144000000000000000e+03
6.144000000000000000e+03 6.144000000000000000e+03
-6.144000000000000000e+03 6.144000000000000000e+03
-6.144000000000000000e+03 6.144000000000000000e+03
-6.144000000000000000e+03 6.144000000000000000e+03
-6.144000000000000000e+03 6.144000000000000000e+03
-6.144000000000000000e+03 6.144000000000000000e+03
-6.144000000000000000e+03 6.144000000000000000e+03
-6.144000000000000000e+03 6.144000000000000000e+03
-6.144000000000000000e+03 6.144000000000000000e+03
-6.144000000000000000e+03 6.144000000000000000e+03
-6.144000000000000000e+03 6.144000000000000000e+03
-2.048000000000000000e+03 6.144000000000000000e+03
-2.048000000000000000e+03 6.144000000000000000e+03
-2.048000000000000000e+03 6.144000000000000000e+03
-2.048000000000000000e+03 6.144000000000000000e+03
-2.048000000000000000e+03 6.144000000000000000e+03
-2.048000000000000000e+03 6.144000000000000000e+03
-2.048000000000000000e+03 6.144000000000000000e+03
-2.048000000000000000e+03 6.144000000000000000e+03
-2.048000000000000000e+03 6.144000000000000000e+03
-2.048000000000000000e+03 6.144000000000000000e+03
2.048000000000000000e+03 -6.144000000000000000e+03
2.048000000000000000e+03 -6.144000000000000000e+03
2.048000000000000000e+03 -6.144000000000000000e+03
2.048000000000000000e+03 -6.144000000000000000e+03
2.048000000000000000e+03 -6.144000000000000000e+03
2.048000000000000000e+03 -6.144000000000000000e+03
2.048000000000000000e+03 -6.144000000000000000e+03
2.048000000000000000e+03 -6.144000000000000000e+03
2.048000000000000000e+03 -6.144000000000000000e+03
2.048000000000000000e+03 -6.144000000000000000e+03
-6.144000000000000000e+03 6.144000000000000000e+03
-6.144000000000000000e+03 6.144000000000000000e+03
-6.144000000000000000e+03 6.144000000000000000e+03
-6.144000000000000000e+03 6.144000000000000000e+03
-6.144000000000000000e+03 6.144000000000000000e+03
-6.144000000000000000e+03 6.144000000000000000e+03
-6.144000000000000000e+03 6.144000000000000000e+03
-6.144000000000000000e+03 6.144000000000000000e+03
-6.144000000000000000e+03 6.144000000000000000e+03
-6.144000000000000000e+03 6.144000000000000000e+03
2.048000000000000000e+03 -2.048000000000000000e+03
2.048000000000000000e+03 -2.048000000000000000e+03
2.048000000000000000e+03 -2.048000000000000000e+03
2.048000000000000000e+03 -2.048000000000000000e+03
2.048000000000000000e+03 -2.048000000000000000e+03
2.048000000000000000e+03 -2.048000000000000000e+03
2.048000000000000000e+03 -2.048000000000000000e+03
2.048000000000000000e+03 -2.048000000000000000e+03
2.048000000000000000e+03 -2.048000000000000000e+03
2.048000000000000000e+03 -2.048000000000000000e+03
-6.144000000000000000e+03 6.144000000000000000e+03
-6.144000000000000000e+03 6.144000000000000000e+03
-6.144000000000000000e+03 6.144000000000000000e+03
-6.144000000000000000e+03 6.144000000000000000e+03
-6.144000000000000000e+03 6.144000000000000000e+03
-6.144000000000000000e+03 6.144000000000000000e+03
-6.144000000000000000e+03 6.144000000000000000e+03
-6.144000000000000000e+03 6.144000000000000000e+03
-6.144000000000000000e+03 6.144000000000000000e+03
-6.144000000000000000e+03 6.144000000000000000e+03
6.144000000000000000e+03 2.048000000000000000e+03
6.144000000000000000e+03 2.048000000000000000e+03
6.144000000000000000e+03 2.048000000000000000e+03
6.144000000000000000e+03 2.048000000000000000e+03
6.144000000000000000e+03 2.048000000000000000e+03
6.144000000000000000e+03 2.048000000000000000e+03
6.144000000000000000e+03 2.048000000000000000e+03
6.144000000000000000e+03 2.048000000000000000e+03
6.144000000000000000e+03 2.048000000000000000e+03
6.144000000000000000e+03 2.048000000000000000e+03
-6.144000000000000000e+03 6.144000000000000000e+03
-6.144000000000000000e+03 6.144000000000000000e+03
-6.144000000000000000e+03 6.144000000000000000e+03
-6.144000000000000000e+03 6.144000000000000000e+03
-6.144000000000000000e+03 6.144000000000000000e+03
-6.144000000000000000e+03 6.144000000000000000e+03
-6.144000000000000000e+03 6.144000000000000000e+03
-6.144000000000000000e+03 6.144000000000000000e+03
-6.144000000000000000e+03 6.144000000000000000e+03
-6.144000000000000000e+03 6.144000000000000000e+03
-2.048000000000000000e+03 -2.048000000000000000e+03
-2.048000000000000000e+03 -2.048000000000000000e+03
-2.048000000000000000e+03 -2.048000000000000000e+03
-2.048000000000000000e+03 -2.048000000000000000e+03
-2.048000000000000000e+03 -2.048000000000000000e+03
-2.048000000000000000e+03 -2.048000000000000000e+03
-2.048000000000000000e+03 -2.048000000000000000e+03
-2.048000000000000000e+03 -2.048000000000000000e+03
-2.048000000000000000e+03 -2.048000000000000000e+03
-2.048000000000000000e+03 -2.048000000000000000e+03
2.048000000000000000e+03 -6.144000000000000000e+03
2.048000000000000000e+03 -6.144000000000000000e+03
2.048000000000000000e+03 -6.144000000000000000e+03
2.048000000000000000e+03 -6.144000000000000000e+03
2.048000000000000000e+03 -6.144000000000000000e+03
2.048000000000000000e+03 -6.144000000000000000e+03
2.048000000000000000e+03 -6.144000000000000000e+03
2.048000000000000000e+03 -6.144000000000000000e+03
2.048000000000000000e+03 -6.144000000000000000e+03
2.048000000000000000e+03 -6.144000000000000000e+03
2.048000000000000000e+03 -2.048000000000000000e+03
2.048000000000000000e+03 -2.048000000000000000e+03
2.048000000000000000e+03 -2.048000000000000000e+03
2.048000000000000000e+03 -2.048000000000000000e+03
2.048000000000000000e+03 -2.048000000000000000e+03
2.048000000000000000e+03 -2.048000000000000000e+03
2.048000000000000000e+03 -2.048000000000000000e+03
2.048000000000000000e+03 -2.048000000000000000e+03
2.048000000000000000e+03 -2.048000000000000000e+03
2.048000000000000000e+03 -2.048000000000000000e+03
-2.048000000000000000e+03 -2.048000000000000000e+03
-2.048000000000000000e+03 -2.048000000000000000e+03
-2.048000000000000000e+03 -2.048000000000000000e+03
-2.048000000000000000e+03 -2.048000000000000000e+03
-2.048000000000000000e+03 -2.048000000000000000e+03
-2.048000000000000000e+03 -2.048000000000000000e+03
-2.048000000000000000e+03 -2.048000000000000000e+03
-2.048000000000000000e+03 -2.048000000000000000e+03
-2.048000000000000000e+03 -2.048000000000000000e+03
-2.048000000000000000e+03 -2.048000000000000000e+03
-6.144000000000000000e+03 2.048000000000000000e+03
-6.144000000000000000e+03 2.048000000000000000e+03
-6.144000000000000000e+03 2.048000000000000000e+03
-6.144000000000000000e+03 2.048000000000000000e+03
-6.144000000000000000e+03 2.048000000000000000e+03
-6.144000000000000000e+03 2.048000000000000000e+03
-6.144000000000000000e+03 2.048000000000000000e+03
-6.144000000000000000e+03 2.048000000000000000e+03
-6.144000000000000000e+03 2.048000000000000000e+03
-6.144000000000000000e+03 2.048000000000000000e+03
6.144000000000000000e+03 2.048000000000000000e+03
6.144000000000000000e+03 2.048000000000000000e+03
6.144000000000000000e+03 2.048000000000000000e+03
6.144000000000000000e+03 2.048000000000000000e+03
6.144000000000000000e+03 2.048000000000000000e+03
6.144000000000000000e+03 2.048000000000000000e+03
6.144000000000000000e+03 2.048000000000000000e+03
6.144000000000000000e+03 2.048000000000000000e+03
6.144000000000000000e+03 2.048000000000000000e+03
6.144000000000000000e+03 2.048000000000000000e+03
-6.144000000000000000e+03 -6.144000000000000000e+03
-6.144000000000000000e+03 -6.144000000000000000e+03
-6.144000000000000000e+03 -6.144000000000000000e+03
-6.144000000000000000e+03 -6.144000000000000000e+03
-6.144000000000000000e+03 -6.144000000000000000e+03
-6.144000000000000000e+03 -6.144000000000000000e+03
-6.144000000000000000e+03 -6.144000000000000000e+03
-6.144000000000000000e+03 -6.144000000000000000e+03
-6.144000000000000000e+03 -6.144000000000000000e+03
-6.144000000000000000e+03 -6.144000000000000000e+03
6.144000000000000000e+03 2.048000000000000000e+03
6.144000000000000000e+03 2.048000000000000000e+03
6.144000000000000000e+03 2.048000000000000000e+03
6.144000000000000000e+03 2.048000000000000000e+03
6.144000000000000000e+03 2.048000000000000000e+03
6.144000000000000000e+03 2.048000000000000000e+03
6.144000000000000000e+03 2.048000000000000000e+03
6.144000000000000000e+03 2.048000000000000000e+03
6.144000000000000000e+03 2.048000000000000000e+03
6.144000000000000000e+03 2.048000000000000000e+03
6.144000000000000000e+03 -2.048000000000000000e+03
6.144000000000000000e+03 -2.048000000000000000e+03
6.144000000000000000e+03 -2.048000000000000000e+03
6.144000000000000000e+03 -2.048000000000000000e+03
6.144000000000000000e+03 -2.048000000000000000e+03
6.144000000000000000e+03 -2.048000000000000000e+03
6.144000000000000000e+03 -2.048000000000000000e+03
6.144000000000000000e+03 -2.048000000000000000e+03
6.144000000000000000e+03 -2.048000000000000000e+03
6.144000000000000000e+03 -2.048000000000000000e+03
-2.048000000000000000e+03 6.144000000000000000e+03
-2.048000000000000000e+03 6.144000000000000000e+03
-2.048000000000000000e+03 6.144000000000000000e+03
-2.048000000000000000e+03 6.144000000000000000e+03
-2.048000000000000000e+03 6.144000000000000000e+03
-2.048000000000000000e+03 6.144000000000000000e+03
-2.048000000000000000e+03 6.144000000000000000e+03
-2.048000000000000000e+03 6.144000000000000000e+03
-2.048000000000000000e+03 6.144000000000000000e+03
-2.048000000000000000e+03 6.144000000000000000e+03
2.048000000000000000e+03 6.144000000000000000e+03
2.048000000000000000e+03 6.144000000000000000e+03
2.048000000000000000e+03 6.144000000000000000e+03
2.048000000000000000e+03 6.144000000000000000e+03
2.048000000000000000e+03 6.144000000000000000e+03
2.048000000000000000e+03 6.144000000000000000e+03
2.048000000000000000e+03 6.144000000000000000e+03
2.048000000000000000e+03 6.144000000000000000e+03
2.048000000000000000e+03 6.144000000000000000e+03
2.048000000000000000e+03 6.144000000000000000e+03
6.144000000000000000e+03 -6.144000000000000000e+03
6.144000000000000000e+03 -6.144000000000000000e+03
6.144000000000000000e+03 -6.144000000000000000e+03
6.144000000000000000e+03 -6.144000000000000000e+03
6.144000000000000000e+03 -6.144000000000000000e+03
6.144000000000000000e+03 -6.144000000000000000e+03
6.144000000000000000e+03 -6.144000000000000000e+03
6.144000000000000000e+03 -6.144000000000000000e+03
6.144000000000000000e+03 -6.144000000000000000e+03
6.144000000000000000e+03 -6.144000000000000000e+03
2.048000000000000000e+03 6.144000000000000000e+03
2.048000000000000000e+03 6.144000000000000000e+03
2.048000000000000000e+03 6.144000000000000000e+03
2.048000000000000000e+03 6.144000000000000000e+03
2.048000000000000000e+03 6.144000000000000000e+03
2.048000000000000000e+03 6.144000000000000000e+03
2.048000000000000000e+03 6.144000000000000000e+03
2.048000000000000000e+03 6.144000000000000000e+03
2.048000000000000000e+03 6.144000000000000000e+03
2.048000000000000000e+03 6.144000000000000000e+03
-2.048000000000000000e+03 2.048000000000000000e+03
-2.048000000000000000e+03 2.048000000000000000e+03
-2.048000000000000000e+03 2.048000000000000000e+03
-2.048000000000000000e+03 2.048000000000000000e+03
-2.048000000000000000e+03 2.048000000000000000e+03
-2.048000000000000000e+03 2.048000000000000000e+03
-2.048000000000000000e+03 2.048000000000000000e+03
-2.048000000000000000e+03 2.048000000000000000e+03
-2.048000000000000000e+03 2.048000000000000000e+03
-2.048000000000000000e+03 2.048000000000000000e+03
6.144000000000000000e+03 6.144000000000000000e+03
6.144000000000000000e+03 6.144000000000000000e+03
6.144000000000000000e+03 6.144000000000000000e+03
6.144000000000000000e+03 6.144000000000000000e+03
6.144000000000000000e+03 6.144000000000000000e+03
6.144000000000000000e+03 6.144000000000000000e+03
6.144000000000000000e+03 6.144000000000000000e+03
6.144000000000000000e+03 6.144000000000000000e+03
6.144000000000000000e+03 6.144000000000000000e+03
6.144000000000000000e+03 6.144000000000000000e+03
-2.048000000000000000e+03 -2.048000000000000000e+03
-2.048000000000000000e+03 -2.048000000000000000e+03
-2.048000000000000000e+03 -2.048000000000000000e+03
-2.048000000000000000e+03 -2.048000000000000000e+03
-2.048000000000000000e+03 -2.048000000000000000e+03
-2.048000000000000000e+03 -2.048000000000000000e+03
-2.048000000000000000e+03 -2.048000000000000000e+03
-2.048000000000000000e+03 -2.048000000000000000e+03
-2.048000000000000000e+03 -2.048000000000000000e+03
-2.048000000000000000e+03 -2.048000000000000000e+03
2.048000000000000000e+03 2.048000000000000000e+03
2.048000000000000000e+03 2.048000000000000000e+03
2.048000000000000000e+03 2.048000000000000000e+03
2.048000000000000000e+03 2.048000000000000000e+03
2.048000000000000000e+03 2.048000000000000000e+03
2.048000000000000000e+03 2.048000000000000000e+03
2.048000000000000000e+03 2.048000000000000000e+03
2.048000000000000000e+03 2.048000000000000000e+03
2.048000000000000000e+03 2.048000000000000000e+03
2.048000000000000000e+03 2.048000000000000000e+03
-6.144000000000000000e+03 -6.144000000000000000e+03
-6.144000000000000000e+03 -6.144000000000000000e+03
-6.144000000000000000e+03 -6.144000000000000000e+03
-6.144000000000000000e+03 -6.144000000000000000e+03
-6.144000000000000000e+03 -6.144000000000000000e+03
-6.144000000000000000e+03 -6.144000000000000000e+03
-6.144000000000000000e+03 -6.144000000000000000e+03
-6.144000000000000000e+03 -6.144000000000000000e+03
-6.144000000000000000e+03 -6.144000000000000000e+03
-6.144000000000000000e+03 -6.144000000000000000e+03
-6.144000000000000000e+03 2.048000000000000000e+03
-6.144000000000000000e+03 2.048000000000000000e+03
-6.144000000000000000e+03 2.048000000000000000e+03
-6.144000000000000000e+03 2.048000000000000000e+03
-6.144000000000000000e+03 2.048000000000000000e+03
-6.144000000000000000e+03 2.048000000000000000e+03
-6.144000000000000000e+03 2.048000000000000000e+03
-6.144000000000000000e+03 2.048000000000000000e+03
-6.144000000000000000e+03 2.048000000000000000e+03
-6.144000000000000000e+03 2.048000000000000000e+03
6.144000000000000000e+03 -6.144000000000000000e+03
6.144000000000000000e+03 -6.144000000000000000e+03
6.144000000000000000e+03 -6.144000000000000000e+03
6.144000000000000000e+03 -6.144000000000000000e+03
6.144000000000000000e+03 -6.144000000000000000e+03
6.144000000000000000e+03 -6.144000000000000000e+03
6.144000000000000000e+03 -6.144000000000000000e+03
6.144000000000000000e+03 -6.144000000000000000e+03
6.144000000000000000e+03 -6.144000000000000000e+03
6.144000000000000000e+03 -6.144000000000000000e+03
-2.048000000000000000e+03 6.144000000000000000e+03
-2.048000000000000000e+03 6.144000000000000000e+03
-2.048000000000000000e+03 6.144000000000000000e+03
-2.048000000000000000e+03 6.144000000000000000e+03
-2.048000000000000000e+03 6.144000000000000000e+03
-2.048000000000000000e+03 6.144000000000000000e+03
-2.048000000000000000e+03 6.144000000000000000e+03
-2.048000000000000000e+03 6.144000000000000000e+03
-2.048000000000000000e+03 6.144000000000000000e+03
-2.048000000000000000e+03 6.144000000000000000e+03
-6.144000000000000000e+03 -2.048000000000000000e+03
-6.144000000000000000e+03 -2.048000000000000000e+03
-6.144000000000000000e+03 -2.048000000000000000e+03
-6.144000000000000000e+03 -2.048000000000000000e+03
-6.144000000000000000e+03 -2.048000000000000000e+03
-6.144000000000000000e+03 -2.048000000000000000e+03
-6.144000000000000000e+03 -2.048000000000000000e+03
-6.144000000000000000e+03 -2.048000000000000000e+03
-6.144000000000000000e+03 -2.048000000000000000e+03
-6.144000000000000000e+03 -2.048000000000000000e+03
2.048000000000000000e+03 2.048000000000000000e+03
2.048000000000000000e+03 2.048000000000000000e+03
2.048000000000000000e+03 2.048000000000000000e+03
2.048000000000000000e+03 2.048000000000000000e+03
2.048000000000000000e+03 2.048000000000000000e+03
2.048000000000000000e+03 2.048000000000000000e+03
2.048000000000000000e+03 2.048000000000000000e+03
2.048000000000000000e+03 2.048000000000000000e+03
2.048000000000000000e+03 2.048000000000000000e+03
2.048000000000000000e+03 2.048000000000000000e+03
6.144000000000000000e+03 6.144000000000000000e+03
6.144000000000000000e+03 6.144000000000000000e+03
6.144000000000000000e+03 6.144000000000000000e+03
6.144000000000000000e+03 6.144000000000000000e+03
6.144000000000000000e+03 6.144000000000000000e+03
6.144000000000000000e+03 6.144000000000000000e+03
6.144000000000000000e+03 6.144000000000000000e+03
6.144000000000000000e+03 6.144000000000000000e+03
6.144000000000000000e+03 6.144000000000000000e+03
6.144000000000000000e+03 6.144000000000000000e+03
6.144000000000000000e+03 -2.048000000000000000e+03
6.144000000000000000e+03 -2.048000000000000000e+03
6.144000000000000000e+03 -2.048000000000000000e+03
6.144000000000000000e+03 -2.048000000000000000e+03
6.144000000000000000e+03 -2.048000000000000000e+03
6.144000000000000000e+03 -2.048000000000000000e+03
6.144000000000000000e+03 -2.048000000000000000e+03
6.144000000000000000e+03 -2.048000000000000000e+03
6.144000000000000000e+03 -2.048000000000000000e+03
6.144000000000000000e+03 -2.048000000000000000e+03
-6.144000000000000000e+03 6.144000000000000000e+03
-6.144000000000000000e+03 6.144000000000000000e+03
-6.144000000000000000e+03 6.144000000000000000e+03
-6.144000000000000000e+03 6.144000000000000000e+03
-6.144000000000000000e+03 6.144000000000000000e+03
-6.144000000000000000e+03 6.144000000000000000e+03
-6.144000000000000000e+03 6.144000000000000000e+03
-6.144000000000000000e+03 6.144000000000000000e+03
-6.144000000000000000e+03 6.144000000000000000e+03
-6.144000000000000000e+03 6.144000000000000000e+03
-2.048000000000000000e+03 -2.048000000000000000e+03
-2.048000000000000000e+03 -2.048000000000000000e+03
-2.048000000000000000e+03 -2.048000000000000000e+03
-2.048000000000000000e+03 -2.048000000000000000e+03
-2.048000000000000000e+03 -2.048000000000000000e+03
-2.048000000000000000e+03 -2.048000000000000000e+03
-2.048000000000000000e+03 -2.048000000000000000e+03
-2.048000000000000000e+03 -2.048000000000000000e+03
-2.048000000000000000e+03 -2.048000000000000000e+03
-2.048000000000000000e+03 -2.048000000000000000e+03
2.048000000000000000e+03 6.144000000000000000e+03
2.048000000000000000e+03 6.144000000000000000e+03
2.048000000000000000e+03 6.144000000000000000e+03
2.048000000000000000e+03 6.144000000000000000e+03
2.048000000000000000e+03 6.144000000000000000e+03
2.048000000000000000e+03 6.144000000000000000e+03
2.048000000000000000e+03 6.144000000000000000e+03
2.048000000000000000e+03 6.144000000000000000e+03
2.048000000000000000e+03 6.144000000000000000e+03
2.048000000000000000e+03 6.144000000000000000e+03
2.048000000000000000e+03 2.048000000000000000e+03
2.048000000000000000e+03 2.048000000000000000e+03
2.048000000000000000e+03 2.048000000000000000e+03
2.048000000000000000e+03 2.048000000000000000e+03
2.048000000000000000e+03 2.048000000000000000e+03
2.048000000000000000e+03 2.048000000000000000e+03
2.048000000000000000e+03 2.048000000000000000e+03
2.048000000000000000e+03 2.048000000000000000e+03
2.048000000000000000e+03 2.048000000000000000e+03
2.048000000000000000e+03 2.048000000000000000e+03
-2.048000000000000000e+03 -6.144000000000000000e+03
-2.048000000000000000e+03 -6.144000000000000000e+03
-2.048000000000000000e+03 -6.144000000000000000e+03
-2.048000000000000000e+03 -6.144000000000000000e+03
-2.048000000000000000e+03 -6.144000000000000000e+03
-2.048000000000000000e+03 -6.144000000000000000e+03
-2.048000000000000000e+03 -6.144000000000000000e+03
-2.048000000000000000e+03 -6.144000000000000000e+03
-2.048000000000000000e+03 -6.144000000000000000e+03
-2.048000000000000000e+03 -6.144000000000000000e+03
2.048000000000000000e+03 6.144000000000000000e+03
2.048000000000000000e+03 6.144000000000000000e+03
2.048000000000000000e+03 6.144000000000000000e+03
2.048000000000000000e+03 6.144000000000000000e+03
2.048000000000000000e+03 6.144000000000000000e+03
2.048000000000000000e+03 6.144000000000000000e+03
2.048000000000000000e+03 6.144000000000000000e+03
2.048000000000000000e+03 6.144000000000000000e+03
2.048000000000000000e+03 6.144000000000000000e+03
2.048000000000000000e+03 6.144000000000000000e+03
6.144000000000000000e+03 2.048000000000000000e+03
6.144000000000000000e+03 2.048000000000000000e+03
6.144000000000000000e+03 2.048000000000000000e+03
6.144000000000000000e+03 2.048000000000000000e+03
6.144000000000000000e+03 2.048000000000000000e+03
6.144000000000000000e+03 2.048000000000000000e+03
6.144000000000000000e+03 2.048000000000000000e+03
6.144000000000000000e+03 2.048000000000000000e+03
6.144000000000000000e+03 2.048000000000000000e+03
6.144000000000000000e+03 2.048000000000000000e+03
6.144000000000000000e+03 2.048000000000000000e+03
6.144000000000000000e+03 2.048000000000000000e+03
6.144000000000000000e+03 2.048000000000000000e+03
6.144000000000000000e+03 2.048000000000000000e+03
6.144000000000000000e+03 2.048000000000000000e+03
6.144000000000000000e+03 2.048000000000000000e+03
6.144000000000000000e+03 2.048000000000000000e+03
6.144000000000000000e+03 2.048000000000000000e+03
6.144000000000000000e+03 2.048000000000000000e+03
6.144000000000000000e+03 2.048000000000000000e+03
6.144000000000000000e+03 6.144000000000000000e+03
6.144000000000000000e+03 6.144000000000000000e+03
6.144000000000000000e+03 6.144000000000000000e+03
6.144000000000000000e+03 6.144000000000000000e+03
6.144000000000000000e+03 6.144000000000000000e+03
6.144000000000000000e+03 6.144000000000000000e+03
6.144000000000000000e+03 6.144000000000000000e+03
6.144000000000000000e+03 6.144000000000000000e+03
6.144000000000000000e+03 6.144000000000000000e+03
6.144000000000000000e+03 6.144000000000000000e+03
2.048000000000000000e+03 2.048000000000000000e+03
2.048000000000000000e+03 2.048000000000000000e+03
2.048000000000000000e+03 2.048000000000000000e+03
2.048000000000000000e+03 2.048000000000000000e+03
2.048000000000000000e+03 2.048000000000000000e+03
2.048000000000000000e+03 2.048000000000000000e+03
2.048000000000000000e+03 2.048000000000000000e+03
2.048000000000000000e+03 2.048000000000000000e+03
2.048000000000000000e+03 2.048000000000000000e+03
2.048000000000000000e+03 2.048000000000000000e+03
-6.144000000000000000e+03 2.048000000000000000e+03
-6.144000000000000000e+03 2.048000000000000000e+03
-6.144000000000000000e+03 2.048000000000000000e+03
-6.144000000000000000e+03 2.048000000000000000e+03
-6.144000000000000000e+03 2.048000000000000000e+03
-6.144000000000000000e+03 2.048000000000000000e+03
-6.144000000000000000e+03 2.048000000000000000e+03
-6.144000000000000000e+03 2.048000000000000000e+03
-6.144000000000000000e+03 2.048000000000000000e+03
-6.144000000000000000e+03 2.048000000000000000e+03
-6.144000000000000000e+03 -2.048000000000000000e+03
-6.144000000000000000e+03 -2.048000000000000000e+03
-6.144000000000000000e+03 -2.048000000000000000e+03
-6.144000000000000000e+03 -2.048000000000000000e+03
-6.144000000000000000e+03 -2.048000000000000000e+03
-6.144000000000000000e+03 -2.048000000000000000e+03
-6.144000000000000000e+03 -2.048000000000000000e+03
-6.144000000000000000e+03 -2.048000000000000000e+03
-6.144000000000000000e+03 -2.048000000000000000e+03
-6.144000000000000000e+03 -2.048000000000000000e+03
-2.048000000000000000e+03 2.048000000000000000e+03
-2.048000000000000000e+03 2.048000000000000000e+03
-2.048000000000000000e+03 2.048000000000000000e+03
-2.048000000000000000e+03 2.048000000000000000e+03
-2.048000000000000000e+03 2.048000000000000000e+03
-2.048000000000000000e+03 2.048000000000000000e+03
-2.048000000000000000e+03 2.048000000000000000e+03
-2.048000000000000000e+03 2.048000000000000000e+03
-2.048000000000000000e+03 2.048000000000000000e+03
-2.048000000000000000e+03 2.048000000000000000e+03
-2.048000000000000000e+03 6.144000000000000000e+03
-2.048000000000000000e+03 6.144000000000000000e+03
-2.048000000000000000e+03 6.144000000000000000e+03
-2.048000000000000000e+03 6.144000000000000000e+03
-2.048000000000000000e+03 6.144000000000000000e+03
-2.048000000000000000e+03 6.144000000000000000e+03
-2.048000000000000000e+03 6.144000000000000000e+03
-2.048000000000000000e+03 6.144000000000000000e+03
-2.048000000000000000e+03 6.144000000000000000e+03
-2.048000000000000000e+03 6.144000000000000000e+03
2.048000000000000000e+03 -2.048000000000000000e+03
2.048000000000000000e+03 -2.048000000000000000e+03
2.048000000000000000e+03 -2.048000000000000000e+03
2.048000000000000000e+03 -2.048000000000000000e+03
2.048000000000000000e+03 -2.048000000000000000e+03
2.048000000000000000e+03 -2.048000000000000000e+03
2.048000000000000000e+03 -2.048000000000000000e+03
2.048000000000000000e+03 -2.048000000000000000e+03
2.048000000000000000e+03 -2.048000000000000000e+03
2.048000000000000000e+03 -2.048000000000000000e+03
-2.048000000000000000e+03 6.144000000000000000e+03
-2.048000000000000000e+03 6.144000000000000000e+03
-2.048000000000000000e+03 6.144000000000000000e+03
-2.048000000000000000e+03 6.144000000000000000e+03
-2.048000000000000000e+03 6.144000000000000000e+03
-2.048000000000000000e+03 6.144000000000000000e+03
-2.048000000000000000e+03 6.144000000000000000e+03
-2.048000000000000000e+03 6.144000000000000000e+03
-2.048000000000000000e+03 6.144000000000000000e+03
-2.048000000000000000e+03 6.144000000000000000e+03
